203
235
207
224
222
231
190
214
225
229
230
212
195
201
197
186
221
251
229
210
215
220
235
235
204
227
228
220
216
204
259
238
260
222
215
251
233
204
224
250
222
259
235
185
225
197
234
240
256
246
235
213
205
231
200
260
213
197
231
233
230
255
248
245
264
216
231
224
230
193
229
279
232
215
216
219
226
225
237
185
246
233
231
208
248
241
268
215
244
228
225
225
229
260
235
206
234
239
225
196
262
185
254
262
230
213
256
230
258
204
247
215
238
258
240
235
219
240
242
230
249
230
247
235
202
240
224
218
251
224
264
249
238
234
218
